           1  -7.94942667331449     
           2  -7.94241200058934     
           3  -7.93923904210651     
           4  -7.93742966465245     
           5  -7.93135149502266     
           6  -7.92827295678200     
           7  -7.92460295779272     
           8  -7.91942503739230     
           9  -7.91595026160047     
          10  -7.91415425518179     
          11  -7.91002775329576     
          12  -7.90650458752631     
          13  -7.90470160305863     
          14  -7.89957412655077     
          15  -7.89655143718934     
          16  -7.89592713274499     
          17  -7.88785764244521     
          18  -7.88624869822262     
          19  -7.71606471198234     
          20  -7.70923212292878     
          21  -7.70581702593235     
          22  -7.69973758101234     
          23  -7.69399738327880     
          24  -7.69280220244308     
          25  -7.68643645771423     
          26  -7.68119712579276     
          27  -7.67950538708963     
          28  -7.67242711122535     
          29  -7.67099105674292     
          30  -7.66447672587465     
          31  -7.65976359339667     
          32  -7.65642508799019     
          33  -7.65278899588530     
          34  -7.64957446780097     
          35  -7.64044974754624     
          36  -7.63441676011443     
          37  -7.43809607488670     
          38  -7.43189118288636     
          39  -7.42683857189448     
          40  -7.42504713029825     
          41  -7.42100856653685     
          42  -7.41602054123030     
          43  -7.41230650802498     
          44  -7.41055416994670     
          45  -7.40769522520119     
          46  -7.40241291514294     
          47  -7.39931138006801     
          48  -7.39548663375791     
          49  -7.39318822830811     
          50  -7.38792743413666     
          51  -7.38331312556256     
          52  -7.38127390494895     
          53  -7.37664395537896     
          54  -7.36950424840431     
          55  -6.93355640439597     
          56  -6.92703598149693     
          57  -6.92454605515054     
          58  -6.92105068668071     
          59  -6.91727585976746     
          60  -6.91569557228475     
          61  -6.91116139154442     
          62  -6.90959856735074     
          63  -6.90401761517132     
          64  -6.90093515070041     
          65  -6.89831282665051     
          66  -6.89694985781124     
          67  -6.89381579482202     
          68  -6.88592108929800     
          69  -6.88118690402034     
          70  -6.87878619165824     
          71  -6.87224980570228     
          72  -6.87072220247871     
          73  -6.83239688938417     
          74  -6.82489253181073     
          75  -6.81752591054594     
          76  -6.81613025484324     
          77  -6.80814376712219     
          78  -6.80638837977425     
          79  -6.80450860077713     
          80  -6.80130237288284     
          81  -6.79844608471970     
          82  -6.79587919172141     
          83  -6.79138837899688     
          84  -6.78594478339556     
          85  -6.78285902751393     
          86  -6.77854651571568     
          87  -6.77734721396183     
          88  -6.77013532181735     
          89  -6.76692917509240     
          90  -6.76011040925041     
          91  -6.44672544209172     
          92  -6.43999980312297     
          93  -6.43845764471118     
          94  -6.43205872923496     
          95  -6.42808869517109     
          96  -6.42443133389927     
          97  -6.42320735708362     
          98  -6.42019163638491     
          99  -6.41869084084464     
         100  -6.41366608600997     
         101  -6.41220900068355     
         102  -6.40842616735047     
         103  -6.40690939122855     
         104  -6.40424724473692     
         105  -6.39867751360974     
         106  -6.39309553810478     
         107  -6.39094236846390     
         108  -6.38280001778081     
         109  -6.12701055677438     
         110  -6.12055944869979     
         111  -6.11722771676282     
         112  -6.11462836195975     
         113  -6.10956982315175     
         114  -6.10444820680949     
         115  -6.09918467050616     
         116  -6.09782211551712     
         117  -6.09556627774198     
         118  -6.09348375999226     
         119  -6.08911667612391     
         120  -6.08664378822751     
         121  -6.07913107029938     
         122  -6.07445700158576     
         123  -6.07291174795819     
         124  -6.06906476484890     
         125  -6.06581000579000     
         126  -6.05979938956995     
         127  -5.98772100824612     
         128  -5.98214961064313     
         129  -5.98020129840461     
         130  -5.97603905476505     
         131  -5.97358487018818     
         132  -5.96857259470098     
         133  -5.96634283956882     
         134  -5.96329653847576     
         135  -5.96170387326384     
         136  -5.95818383904832     
         137  -5.95580431870251     
         138  -5.95144061568623     
         139  -5.94768762702960     
         140  -5.94442206109097     
         141  -5.94146181830277     
         142  -5.93918542043844     
         143  -5.93220603832273     
         144  -5.92635927082935     
         145  -5.57167052303481     
         146  -5.56994581111580     
         147  -5.56520289248869     
         148  -5.56362540938857     
         149  -5.56084855306310     
         150  -5.55806276425340     
         151  -5.55563949034183     
         152  -5.54947215160412     
         153  -5.54798667242811     
         154  -5.54372859086721     
         155  -5.54216585735944     
         156  -5.53909793729086     
         157  -5.53646752054266     
         158  -5.53427581152556     
         159  -5.53332382437499     
         160  -5.52713254662155     
         161  -5.52498620087165     
         162  -5.52011543764610     
         163  -5.51770854070286     
         164  -5.51378773954853     
         165  -5.51044618240960     
         166  -5.50690949992258     
         167  -5.50342710183802     
         168  -5.50235213318066     
         169  -5.49852350097824     
         170  -5.49720311650539     
         171  -5.49641509147173     
         172  -5.49280208897190     
         173  -5.49027979138343     
         174  -5.48798634650941     
         175  -5.48607313063093     
         176  -5.48321553384284     
         177  -5.47762899604445     
         178  -5.47501320083454     
         179  -5.46801553175321     
         180  -5.46269198630450     
         181  -5.17090813895808     
         182  -5.16490906391509     
         183  -5.16174405918074     
         184  -5.15747514799752     
         185  -5.15500899888702     
         186  -5.15062364222134     
         187  -5.14842703601261     
         188  -5.14456640869559     
         189  -5.14151411083141     
         190  -5.13794925970063     
         191  -5.13559819889614     
         192  -5.13497881044020     
         193  -5.12987222677832     
         194  -5.12502373864518     
         195  -5.12184171115236     
         196  -5.12130043212756     
         197  -5.11529171461693     
         198  -5.11167326236909     
         199  -5.04065814926188     
         200  -5.03189137749594     
         201  -5.03082556488561     
         202  -5.02659901929095     
         203  -5.02059580394162     
         204  -5.01949059941468     
         205  -5.01636892403730     
         206  -5.01350088868558     
         207  -5.01127214095885     
         208  -5.00728320331823     
         209  -5.00413640467840     
         210  -5.00113441922568     
         211  -4.99781794232153     
         212  -4.99427607842923     
         213  -4.98820652236086     
         214  -4.98699010197979     
         215  -4.98445003382273     
         216  -4.98074323757303     
         217  -4.83629526214189     
         218  -4.83160354385550     
         219  -4.82580716880763     
         220  -4.82249657974376     
         221  -4.81986736504420     
         222  -4.81725311183415     
         223  -4.81353664607411     
         224  -4.81024379539534     
         225  -4.80786023096032     
         226  -4.80505405730006     
         227  -4.80269535405515     
         228  -4.80027344839656     
         229  -4.79633155907822     
         230  -4.79214614236849     
         231  -4.78922181905393     
         232  -4.78431328771482     
         233  -4.78073421276018     
         234  -4.77595281313656     
         235  -4.65149231778640     
         236  -4.64322254837849     
         237  -4.64142912272708     
         238  -4.63783052970267     
         239  -4.63498961336874     
         240  -4.63167616142707     
         241  -4.62957917034859     
         242  -4.62451371292358     
         243  -4.62129693809620     
         244  -4.61946629139688     
         245  -4.61587118501550     
         246  -4.61537582044949     
         247  -4.61310840864555     
         248  -4.60915590109255     
         249  -4.60400149065154     
         250  -4.60159066947146     
         251  -4.59693170122267     
         252  -4.59203072243257     
         253  -4.42037574232193     
         254  -4.41315817577941     
         255  -4.41089994063978     
         256  -4.40822533006868     
         257  -4.40455533718240     
         258  -4.39972090002410     
         259  -4.39558030224081     
         260  -4.39322528729039     
         261  -4.38998217659704     
         262  -4.38775268450303     
         263  -4.38595937606354     
         264  -4.38231532643669     
         265  -4.37966114065823     
         266  -4.37678674930159     
         267  -4.37365877924973     
         268  -4.37224453204900     
         269  -4.36800607654048     
         270  -4.36570796722497     
         271  -4.36400185531059     
         272  -4.36238939364449     
         273  -4.35620764351056     
         274  -4.35323166699535     
         275  -4.34990376442860     
         276  -4.34814855482058     
         277  -4.34407473168677     
         278  -4.34269741176857     
         279  -4.33770220386156     
         280  -4.33572952147717     
         281  -4.33272669123289     
         282  -4.33226552321864     
         283  -4.32904238565367     
         284  -4.32652355538622     
         285  -4.32411349663100     
         286  -4.31843261240077     
         287  -4.31549339557874     
         288  -4.31192083997587     
         289  -4.21444185470671     
         290  -4.21260409526008     
         291  -4.20759329547812     
         292  -4.20312544636588     
         293  -4.20095303257790     
         294  -4.19558469911951     
         295  -4.19298264992813     
         296  -4.18925730475953     
         297  -4.18671889567192     
         298  -4.18543620503898     
         299  -4.18303732462761     
         300  -4.18193290468787     
         301  -4.17943471243688     
         302  -4.17622939318116     
         303  -4.17118656020791     
         304  -4.16906119822630     
         305  -4.16683449861608     
         306  -4.16428894661080     
         307  -4.16204800541133     
         308  -4.15929468011145     
         309  -4.15471122999394     
         310  -4.15297256583056     
         311  -4.14931654630451     
         312  -4.14668996591458     
         313  -4.14279449784841     
         314  -4.14108841036262     
         315  -4.13623113790812     
         316  -4.13442205104552     
         317  -4.13131009362757     
         318  -4.12960913647445     
         319  -4.12559682094700     
         320  -4.12282098194766     
         321  -4.12012674762405     
         322  -4.11318893908771     
         323  -4.11035493176422     
         324  -4.10043638708106     
         325  -3.90371559157387     
         326  -3.89949276270545     
         327  -3.89351541010383     
         328  -3.88917616500082     
         329  -3.88748805438504     
         330  -3.88472332946619     
         331  -3.88208196086787     
         332  -3.87979427330259     
         333  -3.87829656597939     
         334  -3.87442868728007     
         335  -3.87348974666435     
         336  -3.86959893073245     
         337  -3.86554458013293     
         338  -3.86363088528687     
         339  -3.86047645023231     
         340  -3.85783017179748     
         341  -3.85410362086320     
         342  -3.85217234789144     
         343  -3.84770686906354     
         344  -3.84357762152376     
         345  -3.84236168456070     
         346  -3.83736936247945     
         347  -3.83653906904746     
         348  -3.83340400123186     
         349  -3.83045055698522     
         350  -3.82850373654084     
         351  -3.82532406557963     
         352  -3.82162717324869     
         353  -3.81941742997235     
         354  -3.81577641221026     
         355  -3.81372071808122     
         356  -3.80894856087438     
         357  -3.80714179779360     
         358  -3.80307862365146     
         359  -3.79686626136885     
         360  -3.79373884920417     
         361  -3.70043791259541     
         362  -3.69694867150131     
         363  -3.69431631534234     
         364  -3.68805214904012     
         365  -3.68397147489092     
         366  -3.68297223022960     
         367  -3.67962072202235     
         368  -3.67459331443384     
         369  -3.67245107497887     
         370  -3.66842829518326     
         371  -3.66599348284947     
         372  -3.66481375267058     
         373  -3.66315105858306     
         374  -3.66155726051661     
         375  -3.65701887466265     
         376  -3.65434660166148     
         377  -3.65305957897752     
         378  -3.64919981124569     
         379  -3.64726844320776     
         380  -3.64319211686112     
         381  -3.64044839629188     
         382  -3.63796383989212     
         383  -3.63260873386949     
         384  -3.62975468243505     
         385  -3.62686871907586     
         386  -3.62289523593088     
         387  -3.61987620734059     
         388  -3.61672761303784     
         389  -3.61619474832315     
         390  -3.61437665241010     
         391  -3.61116512016813     
         392  -3.60955698890162     
         393  -3.60383123440331     
         394  -3.60049178605747     
         395  -3.59796266905827     
         396  -3.59010036652726     
         397  -3.41677556201017     
         398  -3.41334931017802     
         399  -3.41074128654979     
         400  -3.40686863341643     
         401  -3.40294316469788     
         402  -3.39790375888328     
         403  -3.39770390404092     
         404  -3.39341212893407     
         405  -3.38987868384411     
         406  -3.38825794579666     
         407  -3.38522575962599     
         408  -3.38298930176171     
         409  -3.37966388145992     
         410  -3.37677335274539     
         411  -3.37379282626734     
         412  -3.36986541287122     
         413  -3.36250717768780     
         414  -3.35994063672707     
         415  -3.23436063834490     
         416  -3.23157486370002     
         417  -3.22594567750975     
         418  -3.22150400393963     
         419  -3.21694329936376     
         420  -3.21505038905243     
         421  -3.21228015305640     
         422  -3.20891056766237     
         423  -3.20491151199102     
         424  -3.20334483227506     
         425  -3.20162319979951     
         426  -3.19672516043219     
         427  -3.19318532260386     
         428  -3.19080980851137     
         429  -3.18649024048965     
         430  -3.18339692645075     
         431  -3.17720590882019     
         432  -3.17467538879911     
         433  -3.03333152921612     
         434  -3.02478265594711     
         435  -3.02329880043667     
         436  -3.02188552719596     
         437  -3.01550695304897     
         438  -3.01291632684567     
         439  -3.01029510332982     
         440  -3.00656093569840     
         441  -3.00232105191223     
         442  -2.99923326528284     
         443  -2.99502871373918     
         444  -2.99361406691453     
         445  -2.99084685458846     
         446  -2.98857403593421     
         447  -2.98329823163994     
         448  -2.98255554827918     
         449  -2.97777757749827     
         450  -2.97295379132719     
         451  -2.90162912004433     
         452  -2.89664535864499     
         453  -2.89144821441933     
         454  -2.88711263098914     
         455  -2.88433581912349     
         456  -2.88302699109848     
         457  -2.87822070914523     
         458  -2.87219614376594     
         459  -2.87068595393807     
         460  -2.86774076779214     
         461  -2.86612957572136     
         462  -2.86353519327781     
         463  -2.86004032713084     
         464  -2.85495203037817     
         465  -2.85231269089828     
         466  -2.84794523100969     
         467  -2.84472222642088     
         468  -2.84060536992572     
         469  -2.54372694705960     
         470  -2.54003943606295     
         471  -2.53595756911014     
         472  -2.53401438896319     
         473  -2.52907700167321     
         474  -2.52568638185244     
         475  -2.52432606872654     
         476  -2.52186072735303     
         477  -2.51840716654347     
         478  -2.51643874549534     
         479  -2.51496713445193     
         480  -2.51175236278604     
         481  -2.50905989913908     
         482  -2.50655538412420     
         483  -2.50257251522796     
         484  -2.50018140885101     
         485  -2.49570429126305     
         486  -2.49201997132583     
         487  -2.48848597022234     
         488  -2.48666189410687     
         489  -2.48236847094183     
         490  -2.48075834439587     
         491  -2.47667274518433     
         492  -2.47529561217809     
         493  -2.47007090759595     
         494  -2.46619510323410     
         495  -2.46488652915501     
         496  -2.46234498216374     
         497  -2.46072669483327     
         498  -2.45768900871499     
         499  -2.45542488131418     
         500  -2.44936439105523     
         501  -2.44719290122242     
         502  -2.44277723866814     
         503  -2.44169885021654     
         504  -2.43809194926695     
         505  -2.08177461209041     
         506  -2.07520466731070     
         507  -2.07422559535618     
         508  -2.06902426754364     
         509  -2.06640404053697     
         510  -2.06184572762461     
         511  -2.06065225881064     
         512  -2.05658556949316     
         513  -2.05526250828224     
         514  -2.05028361123749     
         515  -2.04823207748813     
         516  -2.04343299246623     
         517  -2.04166340086114     
         518  -2.03890111979770     
         519  -2.03528092217780     
         520  -2.03007794313083     
         521  -2.02747836826520     
         522  -2.01879226456817     
         523  -1.95076087542792     
         524  -1.94414859524190     
         525  -1.94151720332028     
         526  -1.93978435035170     
         527  -1.93227216382500     
         528  -1.92783863311824     
         529  -1.92557677826090     
         530  -1.92344090536352     
         531  -1.91843386463294     
         532  -1.91796743405894     
         533  -1.91379284232424     
         534  -1.91247519934885     
         535  -1.90332849433996     
         536  -1.89935296232507     
         537  -1.89633493088251     
         538  -1.89325878746269     
         539  -1.89204115089258     
         540  -1.88430265449205     
         541  -1.62594945845174     
         542  -1.61955763740093     
         543  -1.61708430051698     
         544  -1.61197725015668     
         545  -1.60733458156620     
         546  -1.60363601287314     
         547  -1.60241319196876     
         548  -1.59991824020188     
         549  -1.59619848141918     
         550  -1.59373477991065     
         551  -1.59093736179576     
         552  -1.58860374307763     
         553  -1.58674016861374     
         554  -1.58280294496757     
         555  -1.57783899205093     
         556  -1.57379393886955     
         557  -1.56942688332210     
         558  -1.56092943388408     
         559  -1.25289380192299     
         560  -1.24359139151096     
         561  -1.23661827656178     
         562  -1.23583635712030     
         563  -1.22917789881192     
         564  -1.22567316449032     
         565  -1.22422789684911     
         566  -1.21979154066656     
         567  -1.21785339656547     
         568  -1.21371067215660     
         569  -1.21168297749964     
         570  -1.20704872883413     
         571  -1.20363325831271     
         572  -1.19889260309979     
         573  -1.19563752445871     
         574  -1.19149454789970     
         575  -1.18503110644000     
         576  -1.18245992149239     
         577  -1.13939161602847     
         578  -1.13352993567665     
         579  -1.13120623169027     
         580  -1.12661221574189     
         581  -1.12276875630695     
         582  -1.12078922896397     
         583  -1.11572097904810     
         584  -1.11448923534749     
         585  -1.11268541808927     
         586  -1.10568899415213     
         587  -1.10373181000109     
         588  -1.10047210646836     
         589  -1.09922950393360     
         590  -1.09326938090611     
         591  -1.08896930866445     
         592  -1.08498412780702     
         593  -1.07893314381367     
         594  -1.07588782760450     
         595 -0.639851889753314     
         596 -0.634331674724948     
         597 -0.628444343610467     
         598 -0.626715435788623     
         599 -0.623284506159309     
         600 -0.617513804582004     
         601 -0.614290385435605     
         602 -0.611936424692614     
         603 -0.610104000014191     
         604 -0.603926550721044     
         605 -0.602235251857834     
         606 -0.596231036713303     
         607 -0.594808946189489     
         608 -0.590234600698685     
         609 -0.585793604528465     
         610 -0.584579839550748     
         611 -0.578907394932115     
         612 -0.571518608560555     
         613 -0.376125008101275     
         614 -0.368856718958996     
         615 -0.366743122919690     
         616 -0.360384111608218     
         617 -0.353537951054349     
         618 -0.351874230574393     
         619 -0.346104495345889     
         620 -0.339224017112488     
         621 -0.338064755839899     
         622 -0.331326931298750     
         623 -0.329403794035414     
         624 -0.324328215938842     
         625 -0.319882907450936     
         626 -0.314509970843037     
         627 -0.311507734372260     
         628 -0.308175575371221     
         629 -0.298550191725373     
         630 -0.288630525422736     
         631 -0.129392954664537     
         632 -0.121928232294776     
         633 -0.119996628147562     
         634 -0.116807486130024     
         635 -0.110337648135834     
         636 -0.106149018917344     
         637 -0.102475244456772     
         638 -9.773077113437716E-002
         639 -9.437067204586824E-002
         640 -9.296596667691456E-002
         641 -8.684966668530138E-002
         642 -8.472813262399115E-002
         643 -8.306372878484355E-002
         644 -7.772338699568848E-002
         645 -7.634557328320832E-002
         646 -7.449118675330266E-002
         647 -6.540924833880160E-002
         648 -5.967893200696295E-002
         649  5.967893200696173E-002
         650  6.540924833879719E-002
         651  7.449118675329774E-002
         652  7.634557328320743E-002
         653  7.772338699568714E-002
         654  8.306372878484276E-002
         655  8.472813262399101E-002
         656  8.684966668529935E-002
         657  9.296596667691297E-002
         658  9.437067204586530E-002
         659  9.773077113437745E-002
         660  0.102475244456775     
         661  0.106149018917346     
         662  0.110337648135835     
         663  0.116807486130026     
         664  0.119996628147560     
         665  0.121928232294778     
         666  0.129392954664540     
         667  0.288630525422732     
         668  0.298550191725368     
         669  0.308175575371223     
         670  0.311507734372258     
         671  0.314509970843037     
         672  0.319882907450938     
         673  0.324328215938842     
         674  0.329403794035414     
         675  0.331326931298752     
         676  0.338064755839898     
         677  0.339224017112487     
         678  0.346104495345892     
         679  0.351874230574392     
         680  0.353537951054347     
         681  0.360384111608220     
         682  0.366743122919690     
         683  0.368856718958996     
         684  0.376125008101276     
         685  0.571518608560553     
         686  0.578907394932117     
         687  0.584579839550748     
         688  0.585793604528466     
         689  0.590234600698686     
         690  0.594808946189488     
         691  0.596231036713301     
         692  0.602235251857835     
         693  0.603926550721050     
         694  0.610104000014184     
         695  0.611936424692614     
         696  0.614290385435604     
         697  0.617513804582004     
         698  0.623284506159308     
         699  0.626715435788622     
         700  0.628444343610467     
         701  0.634331674724948     
         702  0.639851889753313     
         703   1.07588782760450     
         704   1.07893314381367     
         705   1.08498412780702     
         706   1.08896930866445     
         707   1.09326938090611     
         708   1.09922950393360     
         709   1.10047210646835     
         710   1.10373181000109     
         711   1.10568899415213     
         712   1.11268541808927     
         713   1.11448923534749     
         714   1.11572097904810     
         715   1.12078922896397     
         716   1.12276875630695     
         717   1.12661221574188     
         718   1.13120623169027     
         719   1.13352993567665     
         720   1.13939161602847     
         721   1.18245992149239     
         722   1.18503110644000     
         723   1.19149454789970     
         724   1.19563752445871     
         725   1.19889260309979     
         726   1.20363325831271     
         727   1.20704872883414     
         728   1.21168297749964     
         729   1.21371067215660     
         730   1.21785339656546     
         731   1.21979154066656     
         732   1.22422789684911     
         733   1.22567316449032     
         734   1.22917789881192     
         735   1.23583635712029     
         736   1.23661827656178     
         737   1.24359139151096     
         738   1.25289380192299     
         739   1.56092943388408     
         740   1.56942688332210     
         741   1.57379393886955     
         742   1.57783899205093     
         743   1.58280294496757     
         744   1.58674016861374     
         745   1.58860374307763     
         746   1.59093736179576     
         747   1.59373477991064     
         748   1.59619848141918     
         749   1.59991824020188     
         750   1.60241319196876     
         751   1.60363601287314     
         752   1.60733458156620     
         753   1.61197725015668     
         754   1.61708430051698     
         755   1.61955763740093     
         756   1.62594945845174     
         757   1.88430265449205     
         758   1.89204115089258     
         759   1.89325878746269     
         760   1.89633493088251     
         761   1.89935296232507     
         762   1.90332849433996     
         763   1.91247519934885     
         764   1.91379284232424     
         765   1.91796743405893     
         766   1.91843386463294     
         767   1.92344090536352     
         768   1.92557677826090     
         769   1.92783863311824     
         770   1.93227216382500     
         771   1.93978435035170     
         772   1.94151720332028     
         773   1.94414859524191     
         774   1.95076087542793     
         775   2.01879226456817     
         776   2.02747836826520     
         777   2.03007794313083     
         778   2.03528092217780     
         779   2.03890111979771     
         780   2.04166340086114     
         781   2.04343299246623     
         782   2.04823207748814     
         783   2.05028361123749     
         784   2.05526250828225     
         785   2.05658556949316     
         786   2.06065225881064     
         787   2.06184572762461     
         788   2.06640404053697     
         789   2.06902426754365     
         790   2.07422559535618     
         791   2.07520466731070     
         792   2.08177461209041     
         793   2.43809194926695     
         794   2.44169885021654     
         795   2.44277723866814     
         796   2.44719290122242     
         797   2.44936439105524     
         798   2.45542488131418     
         799   2.45768900871499     
         800   2.46072669483327     
         801   2.46234498216374     
         802   2.46488652915501     
         803   2.46619510323410     
         804   2.47007090759595     
         805   2.47529561217809     
         806   2.47667274518433     
         807   2.48075834439587     
         808   2.48236847094183     
         809   2.48666189410687     
         810   2.48848597022234     
         811   2.49201997132583     
         812   2.49570429126305     
         813   2.50018140885101     
         814   2.50257251522797     
         815   2.50655538412420     
         816   2.50905989913908     
         817   2.51175236278604     
         818   2.51496713445193     
         819   2.51643874549534     
         820   2.51840716654347     
         821   2.52186072735303     
         822   2.52432606872654     
         823   2.52568638185244     
         824   2.52907700167321     
         825   2.53401438896319     
         826   2.53595756911014     
         827   2.54003943606294     
         828   2.54372694705960     
         829   2.84060536992572     
         830   2.84472222642088     
         831   2.84794523100969     
         832   2.85231269089828     
         833   2.85495203037817     
         834   2.86004032713084     
         835   2.86353519327782     
         836   2.86612957572136     
         837   2.86774076779214     
         838   2.87068595393807     
         839   2.87219614376594     
         840   2.87822070914523     
         841   2.88302699109848     
         842   2.88433581912349     
         843   2.88711263098915     
         844   2.89144821441933     
         845   2.89664535864499     
         846   2.90162912004433     
         847   2.97295379132719     
         848   2.97777757749827     
         849   2.98255554827918     
         850   2.98329823163994     
         851   2.98857403593421     
         852   2.99084685458846     
         853   2.99361406691453     
         854   2.99502871373918     
         855   2.99923326528284     
         856   3.00232105191223     
         857   3.00656093569841     
         858   3.01029510332982     
         859   3.01291632684567     
         860   3.01550695304897     
         861   3.02188552719596     
         862   3.02329880043667     
         863   3.02478265594711     
         864   3.03333152921612     
         865   3.17467538879911     
         866   3.17720590882019     
         867   3.18339692645075     
         868   3.18649024048965     
         869   3.19080980851137     
         870   3.19318532260386     
         871   3.19672516043219     
         872   3.20162319979951     
         873   3.20334483227506     
         874   3.20491151199102     
         875   3.20891056766237     
         876   3.21228015305640     
         877   3.21505038905243     
         878   3.21694329936376     
         879   3.22150400393963     
         880   3.22594567750975     
         881   3.23157486370002     
         882   3.23436063834490     
         883   3.35994063672707     
         884   3.36250717768780     
         885   3.36986541287123     
         886   3.37379282626734     
         887   3.37677335274540     
         888   3.37966388145992     
         889   3.38298930176171     
         890   3.38522575962599     
         891   3.38825794579666     
         892   3.38987868384411     
         893   3.39341212893407     
         894   3.39770390404092     
         895   3.39790375888328     
         896   3.40294316469788     
         897   3.40686863341643     
         898   3.41074128654979     
         899   3.41334931017802     
         900   3.41677556201017     
         901   3.59010036652726     
         902   3.59796266905827     
         903   3.60049178605748     
         904   3.60383123440330     
         905   3.60955698890162     
         906   3.61116512016813     
         907   3.61437665241010     
         908   3.61619474832315     
         909   3.61672761303784     
         910   3.61987620734059     
         911   3.62289523593088     
         912   3.62686871907586     
         913   3.62975468243505     
         914   3.63260873386949     
         915   3.63796383989212     
         916   3.64044839629188     
         917   3.64319211686112     
         918   3.64726844320776     
         919   3.64919981124569     
         920   3.65305957897752     
         921   3.65434660166148     
         922   3.65701887466265     
         923   3.66155726051661     
         924   3.66315105858307     
         925   3.66481375267059     
         926   3.66599348284947     
         927   3.66842829518326     
         928   3.67245107497887     
         929   3.67459331443384     
         930   3.67962072202235     
         931   3.68297223022960     
         932   3.68397147489092     
         933   3.68805214904012     
         934   3.69431631534235     
         935   3.69694867150132     
         936   3.70043791259541     
         937   3.79373884920417     
         938   3.79686626136885     
         939   3.80307862365146     
         940   3.80714179779360     
         941   3.80894856087439     
         942   3.81372071808122     
         943   3.81577641221026     
         944   3.81941742997235     
         945   3.82162717324869     
         946   3.82532406557963     
         947   3.82850373654085     
         948   3.83045055698522     
         949   3.83340400123187     
         950   3.83653906904747     
         951   3.83736936247945     
         952   3.84236168456070     
         953   3.84357762152376     
         954   3.84770686906354     
         955   3.85217234789145     
         956   3.85410362086320     
         957   3.85783017179748     
         958   3.86047645023231     
         959   3.86363088528687     
         960   3.86554458013293     
         961   3.86959893073245     
         962   3.87348974666435     
         963   3.87442868728007     
         964   3.87829656597939     
         965   3.87979427330259     
         966   3.88208196086788     
         967   3.88472332946619     
         968   3.88748805438504     
         969   3.88917616500082     
         970   3.89351541010383     
         971   3.89949276270545     
         972   3.90371559157387     
         973   4.10043638708106     
         974   4.11035493176422     
         975   4.11318893908771     
         976   4.12012674762405     
         977   4.12282098194766     
         978   4.12559682094701     
         979   4.12960913647446     
         980   4.13131009362757     
         981   4.13442205104552     
         982   4.13623113790812     
         983   4.14108841036262     
         984   4.14279449784841     
         985   4.14668996591458     
         986   4.14931654630451     
         987   4.15297256583056     
         988   4.15471122999395     
         989   4.15929468011145     
         990   4.16204800541133     
         991   4.16428894661080     
         992   4.16683449861608     
         993   4.16906119822630     
         994   4.17118656020792     
         995   4.17622939318116     
         996   4.17943471243688     
         997   4.18193290468787     
         998   4.18303732462762     
         999   4.18543620503898     
        1000   4.18671889567192     
        1001   4.18925730475954     
        1002   4.19298264992813     
        1003   4.19558469911951     
        1004   4.20095303257790     
        1005   4.20312544636588     
        1006   4.20759329547812     
        1007   4.21260409526008     
        1008   4.21444185470672     
        1009   4.31192083997587     
        1010   4.31549339557874     
        1011   4.31843261240077     
        1012   4.32411349663101     
        1013   4.32652355538623     
        1014   4.32904238565367     
        1015   4.33226552321864     
        1016   4.33272669123289     
        1017   4.33572952147717     
        1018   4.33770220386157     
        1019   4.34269741176857     
        1020   4.34407473168677     
        1021   4.34814855482058     
        1022   4.34990376442860     
        1023   4.35323166699534     
        1024   4.35620764351056     
        1025   4.36238939364449     
        1026   4.36400185531059     
        1027   4.36570796722497     
        1028   4.36800607654049     
        1029   4.37224453204900     
        1030   4.37365877924973     
        1031   4.37678674930159     
        1032   4.37966114065823     
        1033   4.38231532643669     
        1034   4.38595937606354     
        1035   4.38775268450303     
        1036   4.38998217659704     
        1037   4.39322528729039     
        1038   4.39558030224082     
        1039   4.39972090002410     
        1040   4.40455533718241     
        1041   4.40822533006868     
        1042   4.41089994063978     
        1043   4.41315817577941     
        1044   4.42037574232193     
        1045   4.59203072243257     
        1046   4.59693170122267     
        1047   4.60159066947146     
        1048   4.60400149065154     
        1049   4.60915590109255     
        1050   4.61310840864555     
        1051   4.61537582044949     
        1052   4.61587118501551     
        1053   4.61946629139687     
        1054   4.62129693809620     
        1055   4.62451371292358     
        1056   4.62957917034859     
        1057   4.63167616142707     
        1058   4.63498961336874     
        1059   4.63783052970267     
        1060   4.64142912272708     
        1061   4.64322254837849     
        1062   4.65149231778640     
        1063   4.77595281313656     
        1064   4.78073421276019     
        1065   4.78431328771482     
        1066   4.78922181905393     
        1067   4.79214614236849     
        1068   4.79633155907822     
        1069   4.80027344839656     
        1070   4.80269535405514     
        1071   4.80505405730006     
        1072   4.80786023096032     
        1073   4.81024379539534     
        1074   4.81353664607411     
        1075   4.81725311183415     
        1076   4.81986736504420     
        1077   4.82249657974376     
        1078   4.82580716880763     
        1079   4.83160354385551     
        1080   4.83629526214189     
        1081   4.98074323757303     
        1082   4.98445003382273     
        1083   4.98699010197979     
        1084   4.98820652236086     
        1085   4.99427607842923     
        1086   4.99781794232153     
        1087   5.00113441922569     
        1088   5.00413640467840     
        1089   5.00728320331823     
        1090   5.01127214095884     
        1091   5.01350088868557     
        1092   5.01636892403730     
        1093   5.01949059941468     
        1094   5.02059580394162     
        1095   5.02659901929095     
        1096   5.03082556488561     
        1097   5.03189137749594     
        1098   5.04065814926188     
        1099   5.11167326236909     
        1100   5.11529171461693     
        1101   5.12130043212756     
        1102   5.12184171115236     
        1103   5.12502373864518     
        1104   5.12987222677833     
        1105   5.13497881044020     
        1106   5.13559819889614     
        1107   5.13794925970063     
        1108   5.14151411083141     
        1109   5.14456640869559     
        1110   5.14842703601261     
        1111   5.15062364222134     
        1112   5.15500899888702     
        1113   5.15747514799752     
        1114   5.16174405918074     
        1115   5.16490906391509     
        1116   5.17090813895808     
        1117   5.46269198630450     
        1118   5.46801553175321     
        1119   5.47501320083454     
        1120   5.47762899604445     
        1121   5.48321553384284     
        1122   5.48607313063093     
        1123   5.48798634650941     
        1124   5.49027979138343     
        1125   5.49280208897190     
        1126   5.49641509147173     
        1127   5.49720311650539     
        1128   5.49852350097824     
        1129   5.50235213318066     
        1130   5.50342710183802     
        1131   5.50690949992259     
        1132   5.51044618240960     
        1133   5.51378773954853     
        1134   5.51770854070286     
        1135   5.52011543764610     
        1136   5.52498620087165     
        1137   5.52713254662155     
        1138   5.53332382437499     
        1139   5.53427581152556     
        1140   5.53646752054266     
        1141   5.53909793729086     
        1142   5.54216585735944     
        1143   5.54372859086721     
        1144   5.54798667242811     
        1145   5.54947215160412     
        1146   5.55563949034183     
        1147   5.55806276425340     
        1148   5.56084855306310     
        1149   5.56362540938857     
        1150   5.56520289248869     
        1151   5.56994581111580     
        1152   5.57167052303481     
        1153   5.92635927082935     
        1154   5.93220603832273     
        1155   5.93918542043844     
        1156   5.94146181830278     
        1157   5.94442206109097     
        1158   5.94768762702960     
        1159   5.95144061568623     
        1160   5.95580431870251     
        1161   5.95818383904832     
        1162   5.96170387326385     
        1163   5.96329653847576     
        1164   5.96634283956883     
        1165   5.96857259470098     
        1166   5.97358487018819     
        1167   5.97603905476506     
        1168   5.98020129840461     
        1169   5.98214961064313     
        1170   5.98772100824612     
        1171   6.05979938956995     
        1172   6.06581000579000     
        1173   6.06906476484890     
        1174   6.07291174795819     
        1175   6.07445700158576     
        1176   6.07913107029938     
        1177   6.08664378822751     
        1178   6.08911667612391     
        1179   6.09348375999226     
        1180   6.09556627774199     
        1181   6.09782211551712     
        1182   6.09918467050617     
        1183   6.10444820680949     
        1184   6.10956982315175     
        1185   6.11462836195975     
        1186   6.11722771676282     
        1187   6.12055944869979     
        1188   6.12701055677438     
        1189   6.38280001778080     
        1190   6.39094236846390     
        1191   6.39309553810477     
        1192   6.39867751360974     
        1193   6.40424724473692     
        1194   6.40690939122855     
        1195   6.40842616735047     
        1196   6.41220900068355     
        1197   6.41366608600997     
        1198   6.41869084084463     
        1199   6.42019163638491     
        1200   6.42320735708362     
        1201   6.42443133389927     
        1202   6.42808869517109     
        1203   6.43205872923496     
        1204   6.43845764471118     
        1205   6.43999980312296     
        1206   6.44672544209172     
        1207   6.76011040925041     
        1208   6.76692917509240     
        1209   6.77013532181735     
        1210   6.77734721396183     
        1211   6.77854651571568     
        1212   6.78285902751393     
        1213   6.78594478339556     
        1214   6.79138837899688     
        1215   6.79587919172141     
        1216   6.79844608471969     
        1217   6.80130237288284     
        1218   6.80450860077713     
        1219   6.80638837977425     
        1220   6.80814376712219     
        1221   6.81613025484324     
        1222   6.81752591054593     
        1223   6.82489253181073     
        1224   6.83239688938417     
        1225   6.87072220247871     
        1226   6.87224980570228     
        1227   6.87878619165824     
        1228   6.88118690402033     
        1229   6.88592108929800     
        1230   6.89381579482202     
        1231   6.89694985781124     
        1232   6.89831282665051     
        1233   6.90093515070041     
        1234   6.90401761517132     
        1235   6.90959856735074     
        1236   6.91116139154442     
        1237   6.91569557228475     
        1238   6.91727585976746     
        1239   6.92105068668071     
        1240   6.92454605515054     
        1241   6.92703598149693     
        1242   6.93355640439596     
        1243   7.36950424840430     
        1244   7.37664395537896     
        1245   7.38127390494895     
        1246   7.38331312556256     
        1247   7.38792743413666     
        1248   7.39318822830811     
        1249   7.39548663375791     
        1250   7.39931138006801     
        1251   7.40241291514294     
        1252   7.40769522520119     
        1253   7.41055416994670     
        1254   7.41230650802498     
        1255   7.41602054123029     
        1256   7.42100856653685     
        1257   7.42504713029825     
        1258   7.42683857189448     
        1259   7.43189118288636     
        1260   7.43809607488670     
        1261   7.63441676011443     
        1262   7.64044974754623     
        1263   7.64957446780097     
        1264   7.65278899588530     
        1265   7.65642508799019     
        1266   7.65976359339667     
        1267   7.66447672587465     
        1268   7.67099105674292     
        1269   7.67242711122535     
        1270   7.67950538708963     
        1271   7.68119712579276     
        1272   7.68643645771424     
        1273   7.69280220244308     
        1274   7.69399738327881     
        1275   7.69973758101234     
        1276   7.70581702593235     
        1277   7.70923212292879     
        1278   7.71606471198234     
        1279   7.88624869822262     
        1280   7.88785764244521     
        1281   7.89592713274500     
        1282   7.89655143718934     
        1283   7.89957412655076     
        1284   7.90470160305863     
        1285   7.90650458752631     
        1286   7.91002775329576     
        1287   7.91415425518180     
        1288   7.91595026160046     
        1289   7.91942503739230     
        1290   7.92460295779271     
        1291   7.92827295678200     
        1292   7.93135149502266     
        1293   7.93742966465245     
        1294   7.93923904210650     
        1295   7.94241200058933     
        1296   7.94942667331449     
